64,5
64,4
64,3
64,2
64,1
64,0
63,5
63,4
63,3
63,2
63,1
63,0
0,278
62,4
62,3
62,2
62,1
62,0
61,35
3,2
3,1
3,3
10,14
10,257
10,130
10,157
10,304
10,179
10,170
9,5
9,2
9,3
8,17
8,13
8,8
8,7
60,5
60,4
60,3
60,2
60,1
8,2
8,3
60,0
57,3
57,2
57,1
57,0
46,7
46,6
46,5
46,4
46,3
46,2
46,1
46,0
42,8
42,7
42,6
42,5
42,4
42,3
42,2
42,1
42,0
39,6
39,5
39,4
39,3
39,2
39,1
39,0
38,6
38,5
38,4
38,3
38,2
38,1
38,0
28,3
28,1
27,3
27,1
26,3
26,1
25,3
25,1
24,3
24,1
20,3
20,2
20,1
19,3
19,2
19,1
12,3
12,2
12,1
11,30
11,29
11,28
11,27
11,26
11,25
11,24
11,23
11,22
11,21
11,20
11,19
11,18
11,17
11,16
11,15
11,14
11,13
11,12
